sysclk	clk	prodis1/inst_data	Addr	Memory_write_ctrl/HWE	high_data	Memory_write_ctrl/LWE	low_data	prodis1/Bank_Register/Reg0	prodis1/Bank_Register/Reg1	prodis1/Bank_Register/Reg2	prodis1/Bank_Register/Reg3	prodis1/Bank_Register/Reg4	
noclk
0	0	0010000000010010	000000000000000	0	00000000	0	00000000	0000000000000000	0000000000000000	0000000000000000	0000000000000000	0000000000000000	
0	0	0010000000010010	000000000000000	0	00000000	0	00000000	0000000000000000	0000000000000000	0000000000000000	0000000000000000	0000000000000000	
1	0	0010000000010010	000000000000000	0	00000000	0	00000000	0000000000000000	0000000000000000	0000000000000000	0000000000000000	0000000000000000	
0	0	0010000000010010	000000000000000	0	00000000	0	00000000	0000000000000000	0000000000000000	0000000000000000	0000000000000000	0000000000000000	
1	0	0010000000010010	000000000000000	0	00000000	0	00000000	0000000000000000	0000000000000000	0000000000000000	0000000000000000	0000000000000000	
0	1	0000001000000000	000000000000000	0	00000000	0	00010010	0000000000010010	0000000000000000	0000000000000000	0000000000000000	0000000000000000	
1	1	0000001000000000	000000000000000	0	00000000	0	00010010	0000000000010010	0000000000000000	0000000000000000	0000000000000000	0000000000000000	
0	1	0000001000000000	000000000000000	0	00000000	0	00010010	0000000000010010	0000000000000000	0000000000000000	0000000000000000	0000000000000000	
1	1	0000001000000000	000000000000000	0	00000000	0	00010010	0000000000010010	0000000000000000	0000000000000000	0000000000000000	0000000000000000	
0	0	0000001000000000	000000000000000	0	00000000	0	00010010	0000000000010010	0000000000000000	0000000000000000	0000000000000000	0000000000000000	
1	0	0000001000000000	000000000000000	0	00000000	0	00010010	0000000000010010	0000000000000000	0000000000000000	0000000000000000	0000000000000000	
0	0	0000001000000000	000000000000000	0	00000000	0	00010010	0000000000010010	0000000000000000	0000000000000000	0000000000000000	0000000000000000	
1	0	0000001000000000	000000000000000	0	00000000	0	00010010	0000000000010010	0000000000000000	0000000000000000	0000000000000000	0000000000000000	
0	1	0010000100110100	000000000000000	0	00000000	0	00000000	0001001000000000	0000000000000000	0000000000000000	0000000000000000	0000000000000000	
1	1	0010000100110100	000000000000000	0	00000000	0	00000000	0001001000000000	0000000000000000	0000000000000000	0000000000000000	0000000000000000	
0	1	0010000100110100	000000000000000	0	00000000	0	00000000	0001001000000000	0000000000000000	0000000000000000	0000000000000000	0000000000000000	
1	1	0010000100110100	000000000000000	0	00000000	0	00000000	0001001000000000	0000000000000000	0000000000000000	0000000000000000	0000000000000000	
0	0	0010000100110100	000000000000000	0	00000000	0	00000000	0001001000000000	0000000000000000	0000000000000000	0000000000000000	0000000000000000	
1	0	0010000100110100	000000000000000	0	00000000	0	00000000	0001001000000000	0000000000000000	0000000000000000	0000000000000000	0000000000000000	
0	0	0010000100110100	000000000000000	0	00000000	0	00000000	0001001000000000	0000000000000000	0000000000000000	0000000000000000	0000000000000000	
1	0	0010000100110100	000000000000000	0	00000000	0	00000000	0001001000000000	0000000000000000	0000000000000000	0000000000000000	0000000000000000	
0	1	0100001100001000	000000000000000	0	00010010	0	00000000	0001001000000000	0000000000110100	0000000000000000	0000000000000000	0000000000000000	
1	1	0100001100001000	000000000000000	0	00010010	0	00000000	0001001000000000	0000000000110100	0000000000000000	0000000000000000	0000000000000000	
0	1	0100001100001000	000000000000000	0	00010010	0	00000000	0001001000000000	0000000000110100	0000000000000000	0000000000000000	0000000000000000	
1	1	0100001100001000	000000000000000	0	00010010	0	00000000	0001001000000000	0000000000110100	0000000000000000	0000000000000000	0000000000000000	
0	0	0100001100001000	000000000000000	0	00010010	0	00000000	0001001000000000	0000000000110100	0000000000000000	0000000000000000	0000000000000000	
1	0	0100001100001000	000000000000000	0	00010010	0	00000000	0001001000000000	0000000000110100	0000000000000000	0000000000000000	0000000000000000	
0	0	0100001100001000	000000000000000	0	00010010	0	00000000	0001001000000000	0000000000110100	0000000000000000	0000000000000000	0000000000000000	
1	0	0100001100001000	000000000000000	0	00010010	0	00000000	0001001000000000	0000000000110100	0000000000000000	0000000000000000	0000000000000000	
0	1	0010001000000100	000000000000000	0	00000000	0	00000000	0001001000110100	0000000000110100	0000000000000000	0000000000000000	0000000000000000	
1	1	0010001000000100	000000000000000	0	00000000	0	00000000	0001001000110100	0000000000110100	0000000000000000	0000000000000000	0000000000000000	
0	1	0010001000000100	000000000000000	0	00000000	0	00000000	0001001000110100	0000000000110100	0000000000000000	0000000000000000	0000000000000000	
1	1	0010001000000100	000000000000000	0	00000000	0	00000000	0001001000110100	0000000000110100	0000000000000000	0000000000000000	0000000000000000	
0	0	0010001000000100	000000000000000	0	00000000	0	00000000	0001001000110100	0000000000110100	0000000000000000	0000000000000000	0000000000000000	
1	0	0010001000000100	000000000000000	0	00000000	0	00000000	0001001000110100	0000000000110100	0000000000000000	0000000000000000	0000000000000000	
0	0	0010001000000100	000000000000000	0	00000000	0	00000000	0001001000110100	0000000000110100	0000000000000000	0000000000000000	0000000000000000	
1	0	0010001000000100	000000000000000	0	00000000	0	00000000	0001001000110100	0000000000110100	0000000000000000	0000000000000000	0000000000000000	
0	1	1000000000010000	000000000000010	1	00010010	1	00110100	0001001000110100	0000000000110100	0000000000000100	0000000000000000	0000000000000000	
1	1	1000000000010000	000000000000010	1	00010010	1	00110100	0001001000110100	0000000000110100	0000000000000100	0000000000000000	0000000000000000	
0	1	1000000000010000	000000000000010	1	00010010	1	00110100	0001001000110100	0000000000110100	0000000000000100	0000000000000000	0000000000000000	
1	1	1000000000010000	000000000000010	1	00010010	1	00110100	0001001000110100	0000000000110100	0000000000000100	0000000000000000	0000000000000000	
0	0	1000000000010000	000000000000010	1	00010010	1	00110100	0001001000110100	0000000000110100	0000000000000100	0000000000000000	0000000000000000	
1	0	1000000000010000	000000000000010	1	00010010	1	00110100	0001001000110100	0000000000110100	0000000000000100	0000000000000000	0000000000000000	
0	0	1000000000010000	000000000000010	1	00010010	1	00110100	0001001000110100	0000000000110100	0000000000000100	0000000000000000	0000000000000000	
1	0	1000000000010000	000000000000010	1	00010010	1	00110100	0001001000110100	0000000000110100	0000000000000100	0000000000000000	0000000000000000	
0	1	0010000100000010	000000000000010	0	00000000	0	00110100	0001001000110100	0000000000110100	0000000000000100	0000000000000000	0000000000000000	
1	1	0010000100000010	000000000000010	0	00000000	0	00110100	0001001000110100	0000000000110100	0000000000000100	0000000000000000	0000000000000000	
0	1	0010000100000010	000000000000010	0	00000000	0	00110100	0001001000110100	0000000000110100	0000000000000100	0000000000000000	0000000000000000	
1	1	0010000100000010	000000000000010	0	00000000	0	00110100	0001001000110100	0000000000110100	0000000000000100	0000000000000000	0000000000000000	
0	0	0010000100000010	000000000000010	0	00000000	0	00110100	0001001000110100	0000000000110100	0000000000000100	0000000000000000	0000000000000000	
1	0	0010000100000010	000000000000010	0	00000000	0	00110100	0001001000110100	0000000000110100	0000000000000100	0000000000000000	0000000000000000	
0	0	0010000100000010	000000000000010	0	00000000	0	00110100	0001001000110100	0000000000110100	0000000000000100	0000000000000000	0000000000000000	
1	0	0010000100000010	000000000000010	0	00000000	0	00110100	0001001000110100	0000000000110100	0000000000000100	0000000000000000	0000000000000000	
0	1	0100001101001000	000000000000010	0	00010010	0	00110100	0001001000110100	0000000000000010	0000000000000100	0000000000000000	0000000000000000	
1	1	0100001101001000	000000000000010	0	00010010	0	00110100	0001001000110100	0000000000000010	0000000000000100	0000000000000000	0000000000000000	
0	1	0100001101001000	000000000000010	0	00010010	0	00110100	0001001000110100	0000000000000010	0000000000000100	0000000000000000	0000000000000000	
1	1	0100001101001000	000000000000010	0	00010010	0	00110100	0001001000110100	0000000000000010	0000000000000100	0000000000000000	0000000000000000	
0	0	0100001101001000	000000000000010	0	00010010	0	00110100	0001001000110100	0000000000000010	0000000000000100	0000000000000000	0000000000000000	
1	0	0100001101001000	000000000000010	0	00010010	0	00110100	0001001000110100	0000000000000010	0000000000000100	0000000000000000	0000000000000000	
0	0	0100001101001000	000000000000010	0	00010010	0	00110100	0001001000110100	0000000000000010	0000000000000100	0000000000000000	0000000000000000	
1	0	0100001101001000	000000000000010	0	00010010	0	00110100	0001001000110100	0000000000000010	0000000000000100	0000000000000000	0000000000000000	
0	1	1000000001010000	000000000000011	1	00100100	1	01101000	0010010001101000	0000000000000010	0000000000000100	0000000000000000	0000000000000000	
1	1	1000000001010000	000000000000011	1	00100100	1	01101000	0010010001101000	0000000000000010	0000000000000100	0000000000000000	0000000000000000	
0	1	1000000001010000	000000000000011	1	00100100	1	01101000	0010010001101000	0000000000000010	0000000000000100	0000000000000000	0000000000000000	
1	1	1000000001010000	000000000000011	1	00100100	1	01101000	0010010001101000	0000000000000010	0000000000000100	0000000000000000	0000000000000000	
0	0	1000000001010000	000000000000011	1	00100100	1	01101000	0010010001101000	0000000000000010	0000000000000100	0000000000000000	0000000000000000	
1	0	1000000001010000	000000000000011	1	00100100	1	01101000	0010010001101000	0000000000000010	0000000000000100	0000000000000000	0000000000000000	
0	0	1000000001010000	000000000000011	1	00100100	1	01101000	0010010001101000	0000000000000010	0000000000000100	0000000000000000	0000000000000000	
1	0	1000000001010000	000000000000011	1	00100100	1	01101000	0010010001101000	0000000000000010	0000000000000100	0000000000000000	0000000000000000	
0	1	1000100000010011	000000000000010	0	00000000	0	00000000	0010010001101000	0000000000000010	0000000000000100	0000000000000000	0000000000000000	
1	1	1000100000010011	000000000000010	0	00000000	0	00000000	0010010001101000	0000000000000010	0000000000000100	0000000000000000	0000000000000000	
0	1	1000100000010011	000000000000010	0	00000000	0	00000000	0010010001101000	0000000000000010	0000000000000100	0000000000000000	0000000000000000	
1	1	1000100000010011	000000000000010	0	00000000	0	00000000	0010010001101000	0000000000000010	0000000000000100	0000000000000000	0000000000000000	
0	0	1000100000010011	000000000000010	0	00000000	0	00000000	0010010001101000	0000000000000010	0000000000000100	0000000000000000	0000000000000000	
1	0	1000100000010011	000000000000010	0	00000000	0	00000000	0010010001101000	0000000000000010	0000000000000100	0000000000000000	0000000000000000	
0	0	1000100000010011	000000000000010	0	00000000	0	00000000	0010010001101000	0000000000000010	0000000000000100	0000000000000000	0000000000000000	
1	0	1000100000010011	000000000000010	0	00000000	0	00000000	0010010001101000	0000000000000010	0000000000000100	0000000000000000	0000000000000000	
0	1	1000100001010100	000000000000011	0	00000000	0	00000000	0010010001101000	0000000000000010	0000000000000100	0001001000110100	0000000000000000	
1	1	1000100001010100	000000000000011	0	00000000	0	00000000	0010010001101000	0000000000000010	0000000000000100	0001001000110100	0000000000000000	
0	1	1000100001010100	000000000000011	0	00000000	0	00000000	0010010001101000	0000000000000010	0000000000000100	0001001000110100	0000000000000000	
1	1	1000100001010100	000000000000011	0	00000000	0	00000000	0010010001101000	0000000000000010	0000000000000100	0001001000110100	0000000000000000	
0	0	1000100001010100	000000000000011	0	00000000	0	00000000	0010010001101000	0000000000000010	0000000000000100	0001001000110100	0000000000000000	
1	0	1000100001010100	000000000000011	0	00000000	0	00000000	0010010001101000	0000000000000010	0000000000000100	0001001000110100	0000000000000000	
0	0	1000100001010100	000000000000011	0	00000000	0	00000000	0010010001101000	0000000000000010	0000000000000100	0001001000110100	0000000000000000	
1	0	1000100001010100	000000000000011	0	00000000	0	00000000	0010010001101000	0000000000000010	0000000000000100	0001001000110100	0000000000000000	
0	1	0000000000000000	000000000000011	0	00100100	0	01101000	0010010001101000	0000000000000010	0000000000000100	0001001000110100	0010010001101000	
1	1	0000000000000000	000000000000011	0	00100100	0	01101000	0010010001101000	0000000000000010	0000000000000100	0001001000110100	0010010001101000	
0	1	0000000000000000	000000000000011	0	00100100	0	01101000	0010010001101000	0000000000000010	0000000000000100	0001001000110100	0010010001101000	
1	1	0000000000000000	000000000000011	0	00100100	0	01101000	0010010001101000	0000000000000010	0000000000000100	0001001000110100	0010010001101000	
0	0	0000000000000000	000000000000011	0	00100100	0	01101000	0010010001101000	0000000000000010	0000000000000100	0001001000110100	0010010001101000	
